Finished: 426, Running: 64, Crashed: 253
                                              episode_length                  episode_reward                 epsiode_assists                 eval_length                  eval_reward                 eval_assists                
                                                        mean        std count           mean       std count            mean       std count        mean        std count        mean       std count         mean       std count
step_penalty reward_type lstm  algorithm_type                                                                                                                                                                                     
-0.03        type_1      False centralized         51.494000   2.818711     5       2.987360  0.221745     5        0.264000  0.101637     5   51.832463   6.376722     5    3.001720  0.445283     5     0.257663  0.133881     5
                               independent         52.476000   3.461204     5       2.971700  0.224510     5        0.370000  0.117047     5   49.884819   6.749854     5    3.154271  0.411754     5     0.322259  0.105511     5
                               shared              87.008000  19.257049     5      -2.060440  3.699876     5        0.274000  0.213378     5   85.638462  21.171908     5   -2.082113  3.861795     5     0.324744  0.311505     5
             type_2      False centralized         53.508000   9.434600     5       3.081280  0.687597     5        0.406000  0.157575     5   51.933164   5.693587     5    3.146190  0.435763     5     0.305379  0.048026     5
                               independent         54.970000  14.722668     5       2.971780  1.167211     5        0.380000  0.105830     5   53.177590  11.556208     5    3.051033  0.949163     5     0.312195  0.206701     5
                               shared              92.862000  17.068870     5      -2.395480  2.943436     5        0.336000  0.241205     5   90.902791  16.818078     5   -2.247459  3.049713     5     0.512365  0.385293     5
             type_3      False centralized         55.108000   5.513581     5       3.477400  0.541695     5        0.552000  0.403819     5   54.552887   6.550599     5    3.610177  0.386721     5     0.586536  0.481269     5
                               independent         49.422000   2.659092     5       3.746740  0.188340     5        0.408000  0.108720     5   50.660852   1.904512     5    3.692280  0.111768     5     0.437563  0.111197     5
                               shared              87.014000  19.159577     5      -1.314020  4.036050     5        0.426000  0.393992     5   89.802484  17.827748     5   -2.186479  3.588219     5     0.213975  0.193885     5
-0.01        type_1      False centralized         53.541429   5.018304    21       4.868452  0.176670    21        0.382857  0.108358    21   55.559163   8.203865    21    4.820279  0.260170    21     0.305070  0.160465    21
                               independent         51.558000   3.572592    20       4.953595  0.126963    20        0.336500  0.082160    20   50.157513   4.251849    20    5.006895  0.116127    20     0.313330  0.120823    20
                               shared              65.080870   4.155747    23       4.436500  0.209358    23        0.505652  0.150025    23   63.616652   5.711109    23    4.501018  0.237937    23     0.488358  0.189861    23
             type_2      False centralized         56.188000   4.124998    20       5.026760  0.154401    20        0.400000  0.165752    20   54.961595   7.030228    20    5.093015  0.247254    20     0.437611  0.181388    20
                               independent         50.161000   2.731202    20       5.230665  0.092042    20        0.376500  0.121060    20   50.016220   3.861356    20    5.217009  0.145070    20     0.360158  0.107017    20
                               shared              66.645714   3.472150    21       4.949619  0.157458    21        0.922381  0.130687    21   67.883213   6.306080    21    4.816259  0.380223    21     0.873317  0.264092    21
             type_3      False centralized         56.068500   5.750458    20       5.497780  0.292816    20        0.504000  0.221654    20   55.831566   6.722960    20    5.457338  0.272909    20     0.476099  0.151327    20
                               independent         52.225652   5.587963    23       5.655830  0.228330    23        0.520435  0.253888    23   53.180660   6.570070    23    5.679645  0.305524    23     0.553132  0.284887    23
                               shared              68.212381   4.116163    21       5.846090  0.334902    21        1.065238  0.221509    21   67.977096   6.838485    21    5.784396  0.421113    21     1.026407  0.278174    21
 0.00        type_1      False centralized         58.304762   7.943466    21       5.786190  0.195997    21        0.392381  0.121898    21   57.462510   9.073995    21    5.813141  0.202883    21     0.413038  0.193712    21
                               independent         55.129500   5.012737    20       5.892000  0.073097    20        0.339000  0.071958    20   56.461725   5.574131    20    5.882309  0.073713    20     0.352535  0.125192    20
                               shared              66.211000   3.481306    20       5.642500  0.104069    20        0.529500  0.090640    20   65.248222   6.519007    20    5.663805  0.138245    20     0.550538  0.221128    20
             type_2      False centralized         61.239048   7.778711    21       5.995524  0.189486    21        0.431429  0.163838    21   61.151089   8.448203    21    5.962694  0.259016    21     0.432414  0.228114    21
                               independent         54.451739   4.211708    23       6.167652  0.071569    23        0.443913  0.099852    23   53.505656   4.060101    23    6.172086  0.136061    23     0.415693  0.242436    23
                               shared              71.116500   3.093287    20       6.110100  0.160027    20        0.938500  0.199111    20   70.763530   6.413261    20    6.080885  0.238055    20     0.856144  0.291371    20
             type_3      False centralized         61.916087   7.037396    23       6.667043  0.422262    23        0.675217  0.342410    23   65.280286   7.784261    23    6.724695  0.568561    23     0.738392  0.408004    23
                               independent         56.390000   5.027464    21       6.608190  0.265292    21        0.527619  0.219064    21   55.994535   5.929918    21    6.611294  0.336753    21     0.518403  0.254322    21
                               shared              68.774348   4.081213    23       7.194957  0.398700    23        1.115652  0.225627    23   68.667877   6.092681    23    7.214426  0.470446    23     1.118607  0.292366    23


