Finished: 356, Running: 49, Crashed: 0
                                              episode_length                  episode_reward                 epsiode_assists                 eval_length                  eval_reward                 eval_assists                
                                                        mean        std count           mean       std count            mean       std count        mean        std count        mean       std count         mean       std count
step_penalty reward_type lstm  algorithm_type                                                                                                                                                                                     
-0.03        type_1      False centralized         51.494000   2.818711     5       2.987360  0.221745     5        0.264000  0.101637     5   51.832463   6.376722     5    3.001720  0.445283     5     0.257663  0.133881     5
                               independent         52.476000   3.461204     5       2.971700  0.224510     5        0.370000  0.117047     5   49.884819   6.749854     5    3.154271  0.411754     5     0.322259  0.105511     5
                               shared              87.008000  19.257049     5      -2.060440  3.699876     5        0.274000  0.213378     5   85.638462  21.171908     5   -2.082113  3.861795     5     0.324744  0.311505     5
             type_2      False centralized         53.508000   9.434600     5       3.081280  0.687597     5        0.406000  0.157575     5   51.933164   5.693587     5    3.146190  0.435763     5     0.305379  0.048026     5
                               independent         54.970000  14.722668     5       2.971780  1.167211     5        0.380000  0.105830     5   53.177590  11.556208     5    3.051033  0.949163     5     0.312195  0.206701     5
                               shared              92.862000  17.068870     5      -2.395480  2.943436     5        0.336000  0.241205     5   90.902791  16.818078     5   -2.247459  3.049713     5     0.512365  0.385293     5
             type_3      False centralized         55.108000   5.513581     5       3.477400  0.541695     5        0.552000  0.403819     5   54.552887   6.550599     5    3.610177  0.386721     5     0.586536  0.481269     5
                               independent         49.422000   2.659092     5       3.746740  0.188340     5        0.408000  0.108720     5   50.660852   1.904512     5    3.692280  0.111768     5     0.437563  0.111197     5
                               shared              87.014000  19.159577     5      -1.314020  4.036050     5        0.426000  0.393992     5   89.802484  17.827748     5   -2.186479  3.588219     5     0.213975  0.193885     5
-0.01        type_1      False centralized         53.422000   4.887778    15       4.873727  0.156380    15        0.410000  0.107171    15   55.633128   8.229234    15    4.807560  0.249766    15     0.298215  0.146959    15
                               independent         51.470000   3.706781    18       4.955411  0.132810    18        0.347778  0.078557    18   49.858514   4.290563    18    5.014952  0.118319    18     0.323887  0.122269    18
                               shared              64.267647   3.283067    17       4.482935  0.137339    17        0.492353  0.122807    17   62.984477   5.896725    17    4.531130  0.238575    17     0.488100  0.184117    17
             type_2      False centralized         55.337333   4.095899    15       5.029847  0.164191    15        0.342000  0.096525    15   54.138506   7.281189    15    5.095975  0.255638    15     0.404507  0.166136    15
                               independent         50.210588   2.826507    17       5.234347  0.095014    17        0.381765  0.130874    17   49.792224   3.999188    17    5.230427  0.143276    17     0.363263  0.111138    17
                               shared              66.622353   3.880706    17       4.949412  0.174284    17        0.928235  0.133146    17   67.512886   6.218513    17    4.826238  0.399832    17     0.874220  0.290660    17
             type_3      False centralized         54.040000   3.981299    15       5.469700  0.154095    15        0.439333  0.123083    15   53.645149   5.146325    15    5.521414  0.254721    15     0.461023  0.142499    15
                               independent         50.335000   4.563563    18       5.563039  0.147058    18        0.415000  0.142839    18   51.131763   4.010622    18    5.638464  0.328020    18     0.471282  0.245610    18
                               shared              67.435882   3.833936    17       5.839612  0.369182    17        1.045294  0.233937    17   68.528926   6.897063    17    5.724634  0.416848    17     1.005927  0.266980    17
 0.00        type_1      False centralized         58.665000   8.418961    18       5.776111  0.209401    18        0.369444  0.109838    18   58.700885   9.202038    18    5.790959  0.210351    18     0.419153  0.198547    18
                               independent         55.827368   5.145593    19       5.882632  0.073397    19        0.345789  0.071517    19   56.527051   4.970387    19    5.882441  0.075865    19     0.321045  0.102522    19
                               shared              65.890000   3.366885    20       5.649500  0.102211    20        0.528000  0.090181    20   65.540458   6.253648    20    5.661383  0.137247    20     0.531236  0.198972    20
             type_2      False centralized         61.563125   7.509751    16       6.002000  0.178794    16        0.460625  0.175555    16   60.528061   6.395423    16    5.982707  0.232188    16     0.444437  0.234500    16
                               independent         54.218333   3.289985    18       6.162444  0.067967    18        0.432778  0.102945    18   53.321259   3.743319    18    6.162258  0.131285    18     0.395798  0.235026    18
                               shared              70.749474   2.480642    19       6.106000  0.136424    19        0.925789  0.203178    19   69.661172   6.377891    19    6.093037  0.147887    19     0.837608  0.263872    19
             type_3      False centralized         61.196471   6.736767    17       6.659294  0.420581    17        0.651176  0.334531    17   66.381053   8.170746    17    6.635689  0.626635    17     0.696902  0.450354    17
                               independent         55.342222   3.031411    18       6.519556  0.216497    18        0.454444  0.151744    18   55.491414   5.959958    18    6.593164  0.310891    18     0.510384  0.228214    18
                               shared              68.103529   4.293507    17       7.195765  0.443988    17        1.104118  0.250700    17   68.090522   6.438068    17    7.308307  0.480026    17     1.171396  0.295669    17


Finished: 356, Running: 49, Crashed: 0
                                              episode_length                  episode_reward                 epsiode_assists                 eval_length                  eval_reward                 eval_assists                
                                                        mean        std count           mean       std count            mean       std count        mean        std count        mean       std count         mean       std count
step_penalty reward_type lstm  algorithm_type                                                                                                                                                                                     
-0.03        type_1      False centralized         51.494000   2.818711     5       2.987360  0.221745     5        0.264000  0.101637     5   51.832463   6.376722     5    3.001720  0.445283     5     0.257663  0.133881     5
                               independent         52.476000   3.461204     5       2.971700  0.224510     5        0.370000  0.117047     5   49.884819   6.749854     5    3.154271  0.411754     5     0.322259  0.105511     5
                               shared              87.008000  19.257049     5      -2.060440  3.699876     5        0.274000  0.213378     5   85.638462  21.171908     5   -2.082113  3.861795     5     0.324744  0.311505     5
             type_2      False centralized         53.508000   9.434600     5       3.081280  0.687597     5        0.406000  0.157575     5   51.933164   5.693587     5    3.146190  0.435763     5     0.305379  0.048026     5
                               independent         54.970000  14.722668     5       2.971780  1.167211     5        0.380000  0.105830     5   53.177590  11.556208     5    3.051033  0.949163     5     0.312195  0.206701     5
                               shared              92.862000  17.068870     5      -2.395480  2.943436     5        0.336000  0.241205     5   90.902791  16.818078     5   -2.247459  3.049713     5     0.512365  0.385293     5
             type_3      False centralized         55.108000   5.513581     5       3.477400  0.541695     5        0.552000  0.403819     5   54.552887   6.550599     5    3.610177  0.386721     5     0.586536  0.481269     5
                               independent         49.422000   2.659092     5       3.746740  0.188340     5        0.408000  0.108720     5   50.660852   1.904512     5    3.692280  0.111768     5     0.437563  0.111197     5
                               shared              87.014000  19.159577     5      -1.314020  4.036050     5        0.426000  0.393992     5   89.802484  17.827748     5   -2.186479  3.588219     5     0.213975  0.193885     5
-0.01        type_1      False centralized         53.422000   4.887778    15       4.873727  0.156380    15        0.410000  0.107171    15   55.633128   8.229234    15    4.807560  0.249766    15     0.298215  0.146959    15
                               independent         51.470000   3.706781    18       4.955411  0.132810    18        0.347778  0.078557    18   49.858514   4.290563    18    5.014952  0.118319    18     0.323887  0.122269    18
                               shared              64.267647   3.283067    17       4.482935  0.137339    17        0.492353  0.122807    17   62.984477   5.896725    17    4.531130  0.238575    17     0.488100  0.184117    17
             type_2      False centralized         55.337333   4.095899    15       5.029847  0.164191    15        0.342000  0.096525    15   54.138506   7.281189    15    5.095975  0.255638    15     0.404507  0.166136    15
                               independent         50.210588   2.826507    17       5.234347  0.095014    17        0.381765  0.130874    17   49.792224   3.999188    17    5.230427  0.143276    17     0.363263  0.111138    17
                               shared              66.622353   3.880706    17       4.949412  0.174284    17        0.928235  0.133146    17   67.512886   6.218513    17    4.826238  0.399832    17     0.874220  0.290660    17
             type_3      False centralized         54.040000   3.981299    15       5.469700  0.154095    15        0.439333  0.123083    15   53.645149   5.146325    15    5.521414  0.254721    15     0.461023  0.142499    15
                               independent         50.335000   4.563563    18       5.563039  0.147058    18        0.415000  0.142839    18   51.131763   4.010622    18    5.638464  0.328020    18     0.471282  0.245610    18
                               shared              67.435882   3.833936    17       5.839612  0.369182    17        1.045294  0.233937    17   68.528926   6.897063    17    5.724634  0.416848    17     1.005927  0.266980    17
 0.00        type_1      False centralized         58.665000   8.418961    18       5.776111  0.209401    18        0.369444  0.109838    18   58.700885   9.202038    18    5.790959  0.210351    18     0.419153  0.198547    18
                               independent         55.827368   5.145593    19       5.882632  0.073397    19        0.345789  0.071517    19   56.527051   4.970387    19    5.882441  0.075865    19     0.321045  0.102522    19
                               shared              65.890000   3.366885    20       5.649500  0.102211    20        0.528000  0.090181    20   65.540458   6.253648    20    5.661383  0.137247    20     0.531236  0.198972    20
             type_2      False centralized         61.563125   7.509751    16       6.002000  0.178794    16        0.460625  0.175555    16   60.528061   6.395423    16    5.982707  0.232188    16     0.444437  0.234500    16
                               independent         54.218333   3.289985    18       6.162444  0.067967    18        0.432778  0.102945    18   53.321259   3.743319    18    6.162258  0.131285    18     0.395798  0.235026    18
                               shared              70.749474   2.480642    19       6.106000  0.136424    19        0.925789  0.203178    19   69.661172   6.377891    19    6.093037  0.147887    19     0.837608  0.263872    19
             type_3      False centralized         61.196471   6.736767    17       6.659294  0.420581    17        0.651176  0.334531    17   66.381053   8.170746    17    6.635689  0.626635    17     0.696902  0.450354    17
                               independent         55.342222   3.031411    18       6.519556  0.216497    18        0.454444  0.151744    18   55.491414   5.959958    18    6.593164  0.310891    18     0.510384  0.228214    18
                               shared              68.103529   4.293507    17       7.195765  0.443988    17        1.104118  0.250700    17   68.090522   6.438068    17    7.308307  0.480026    17     1.171396  0.295669    17


