Finished: 405, Running: 128, Crashed: 32
                                              episode_length                  episode_reward                 epsiode_assists                 eval_length                  eval_reward                 eval_assists                
                                                        mean        std count           mean       std count            mean       std count        mean        std count        mean       std count         mean       std count
step_penalty reward_type lstm  algorithm_type                                                                                                                                                                                     
-0.03        type_1      False centralized           51.4940   2.818711     5       2.987360  0.221745     5          0.2640  0.101637     5   51.832463   6.376722     5    3.001720  0.445283     5     0.257663  0.133881     5
                               independent           52.4760   3.461204     5       2.971700  0.224510     5          0.3700  0.117047     5   49.884819   6.749854     5    3.154271  0.411754     5     0.322259  0.105511     5
                               shared                87.0080  19.257049     5      -2.060440  3.699876     5          0.2740  0.213378     5   85.638462  21.171908     5   -2.082113  3.861795     5     0.324744  0.311505     5
             type_2      False centralized           53.5080   9.434600     5       3.081280  0.687597     5          0.4060  0.157575     5   51.933164   5.693587     5    3.146190  0.435763     5     0.305379  0.048026     5
                               independent           54.9700  14.722668     5       2.971780  1.167211     5          0.3800  0.105830     5   53.177590  11.556208     5    3.051033  0.949163     5     0.312195  0.206701     5
                               shared                92.8620  17.068870     5      -2.395480  2.943436     5          0.3360  0.241205     5   90.902791  16.818078     5   -2.247459  3.049713     5     0.512365  0.385293     5
             type_3      False centralized           55.1080   5.513581     5       3.477400  0.541695     5          0.5520  0.403819     5   54.552887   6.550599     5    3.610177  0.386721     5     0.586536  0.481269     5
                               independent           49.4220   2.659092     5       3.746740  0.188340     5          0.4080  0.108720     5   50.660852   1.904512     5    3.692280  0.111768     5     0.437563  0.111197     5
                               shared                87.0140  19.159577     5      -1.314020  4.036050     5          0.4260  0.393992     5   89.802484  17.827748     5   -2.186479  3.588219     5     0.213975  0.193885     5
-0.01        type_1      False centralized           53.7040   5.091619    20       4.861690  0.178450    20          0.3810  0.110829    20   54.976705   7.959038    20    4.838126  0.253397    20     0.305740  0.164604    20
                               independent           51.5580   3.572592    20       4.953595  0.126963    20          0.3365  0.082160    20   50.157513   4.251849    20    5.006895  0.116127    20     0.313330  0.120823    20
                               shared                64.1525   3.233194    20       4.492130  0.137967    20          0.5130  0.134755    20   62.783650   5.650543    20    4.536206  0.234228    20     0.488695  0.171781    20
             type_2      False centralized           56.1880   4.124998    20       5.026760  0.154401    20          0.4000  0.165752    20   54.961595   7.030228    20    5.093015  0.247254    20     0.437611  0.181388    20
                               independent           50.1610   2.731202    20       5.230665  0.092042    20          0.3765  0.121060    20   50.016220   3.861356    20    5.217009  0.145070    20     0.360158  0.107017    20
                               shared                66.6450   3.562349    20       4.947015  0.161083    20          0.9195  0.133396    20   68.023374   6.436255    20    4.803672  0.385586    20     0.870983  0.270731    20
             type_3      False centralized           56.0685   5.750458    20       5.497780  0.292816    20          0.5040  0.221654    20   55.831566   6.722960    20    5.457338  0.272909    20     0.476099  0.151327    20
                               independent           51.0265   4.813690    20       5.593950  0.168633    20          0.4480  0.169414    20   51.511523   4.004262    20    5.652740  0.313738    20     0.487446  0.237624    20
                               shared                67.9070   3.971529    20       5.839730  0.342299    20          1.0530  0.219859    20   67.764587   6.944632    20    5.746139  0.392830    20     1.000455  0.258002    20
 0.00        type_1      False centralized           58.3410   8.148043    20       5.782500  0.200339    20          0.3895  0.124329    20   57.734023   9.221787    20    5.810250  0.207709    20     0.424012  0.191929    20
                               independent           55.1295   5.012737    20       5.892000  0.073097    20          0.3390  0.071958    20   56.461725   5.574131    20    5.882309  0.073713    20     0.352535  0.125192    20
                               shared                66.2110   3.481306    20       5.642500  0.104069    20          0.5295  0.090640    20   65.248222   6.519007    20    5.663805  0.138245    20     0.550538  0.221128    20
             type_2      False centralized           61.4850   7.896569    20       5.994100  0.194293    20          0.4360  0.166714    20   61.316051   8.632904    20    5.948236  0.256904    20     0.420701  0.227469    20
                               independent           54.4930   4.495762    20       6.158700  0.072502    20          0.4320  0.099027    20   53.657466   3.842686    20    6.172995  0.145506    20     0.424922  0.256299    20
                               shared                71.1165   3.093287    20       6.110100  0.160027    20          0.9385  0.199111    20   70.763530   6.413261    20    6.080885  0.238055    20     0.856144  0.291371    20
             type_3      False centralized           62.5110   7.130670    20       6.677000  0.453370    20          0.6925  0.362983    20   66.124180   7.985043    20    6.701946  0.591303    20     0.737755  0.423512    20
                               independent           56.5505   5.102572    20       6.600700  0.269896    20          0.5230  0.223703    20   56.237810   5.975484    20    6.636698  0.324200    20     0.539484  0.241371    20
                               shared                68.3110   4.177156    20       7.216900  0.423727    20          1.1260  0.240118    20   68.345440   6.350021    20    7.219804  0.501464    20     1.134612  0.301642    20


