Finished: 135, Running: 96, Crashed: 0
                                              episode_length                  episode_reward                 epsiode_assists                 eval_length                  eval_reward                 eval_assists                
                                                        mean        std count           mean       std count            mean       std count        mean        std count        mean       std count         mean       std count
step_penalty reward_type lstm  algorithm_type                                                                                                                                                                                     
-0.03        type_1      False centralized            51.494   2.818711     5        2.98736  0.221745     5           0.264  0.101637     5   51.832463   6.376722     5    3.001720  0.445283     5     0.257663  0.133881     5
                               independent            52.476   3.461204     5        2.97170  0.224510     5           0.370  0.117047     5   49.884819   6.749854     5    3.154271  0.411754     5     0.322259  0.105511     5
                               shared                 87.008  19.257049     5       -2.06044  3.699876     5           0.274  0.213378     5   85.638462  21.171908     5   -2.082113  3.861795     5     0.324744  0.311505     5
             type_2      False centralized            53.508   9.434600     5        3.08128  0.687597     5           0.406  0.157575     5   51.933164   5.693587     5    3.146190  0.435763     5     0.305379  0.048026     5
                               independent            54.970  14.722668     5        2.97178  1.167211     5           0.380  0.105830     5   53.177590  11.556208     5    3.051033  0.949163     5     0.312195  0.206701     5
                               shared                 92.862  17.068870     5       -2.39548  2.943436     5           0.336  0.241205     5   90.902791  16.818078     5   -2.247459  3.049713     5     0.512365  0.385293     5
             type_3      False centralized            55.108   5.513581     5        3.47740  0.541695     5           0.552  0.403819     5   54.552887   6.550599     5    3.610177  0.386721     5     0.586536  0.481269     5
                               independent            49.422   2.659092     5        3.74674  0.188340     5           0.408  0.108720     5   50.660852   1.904512     5    3.692280  0.111768     5     0.437563  0.111197     5
                               shared                 87.014  19.159577     5       -1.31402  4.036050     5           0.426  0.393992     5   89.802484  17.827748     5   -2.186479  3.588219     5     0.213975  0.193885     5
-0.01        type_1      False centralized            56.304   2.048348     5        4.81878  0.041481     5           0.426  0.166973     5   60.605882   9.250195     5    4.664343  0.254476     5     0.290399  0.115425     5
                               independent            52.242   1.994121     5        4.93840  0.070872     5           0.376  0.114149     5   49.560942   2.992625     5    5.005619  0.099711     5     0.375031  0.120106     5
                               shared                 61.660   2.509462     5        4.56420  0.070568     5           0.538  0.101587     5   62.471711   7.849678     5    4.520533  0.326335     5     0.460234  0.176416     5
             type_2      False centralized            55.814   3.898459     5        5.02810  0.141902     5           0.346  0.098641     5   50.029021   8.537289     5    5.207650  0.250613     5     0.416792  0.167367     5
                               independent            51.460   2.823916     5        5.23792  0.090504     5           0.426  0.226451     5   49.564562   3.596446     5    5.243441  0.123439     5     0.360958  0.146886     5
                               shared                 65.232   4.455207     5        4.96388  0.175179     5           0.866  0.150599     5   71.658923   6.708422     5    4.495906  0.306594     5     0.713997  0.138555     5
             type_3      False centralized            55.860   5.334309     5        5.53922  0.158577     5           0.540  0.145430     5   56.822449   5.024931     5    5.516974  0.245994     5     0.515084  0.146129     5
                               independent            53.042   5.150473     5        5.43654  0.117874     5           0.386  0.187297     5   50.412452   5.074393     5    5.851027  0.418620     5     0.596333  0.378446     5
                               shared                 66.344   2.368371     5        6.13142  0.395212     5           1.208  0.334171     5   64.835185   4.620269     5    5.867483  0.247398     5     1.022182  0.226983     5
 0.00        type_1      False centralized            55.922   7.292007     5        5.79800  0.170792     5           0.366  0.098133     5   56.958730   4.773845     5    5.849259  0.115798     5     0.430000  0.184992     5
                               independent            55.104   3.329299     5        5.89400  0.042778     5           0.350  0.077782     5   61.870492   4.366708     5    5.840745  0.062099     5     0.347473  0.088355     5
                               shared                 66.322   3.237711     5        5.62400  0.105262     5           0.516  0.049800     5   59.748570   2.551585     5    5.745242  0.073756     5     0.516046  0.200072     5
             type_2      False centralized            65.470   8.325794     5        5.84920  0.134101     5           0.362  0.156429     5   62.758743   6.436752     5    5.879967  0.267962     5     0.373524  0.221465     5
                               independent            51.672   3.762223     5        6.15880  0.026367     5           0.368  0.091761     5   51.726290   3.910313     5    6.170443  0.135942     5     0.331281  0.288640     5
                               shared                 73.594   1.718336     5        6.09360  0.184078     5           0.986  0.304516     5   73.334121   5.768788     5    6.058417  0.096518     5     0.895948  0.208654     5
             type_3      False centralized            61.878   8.036552     5        6.60640  0.355959     5           0.616  0.351041     5   63.350132   9.804093     5    6.491086  0.228225     5     0.550529  0.262798     5
                               independent            52.612   1.292892     5        6.50560  0.068109     5           0.404  0.032094     5   55.986166   8.835511     5    6.411068  0.309230     5     0.384005  0.233293     5
                               shared                 65.614   3.745074     5        7.53800  0.312074     5           1.290  0.253476     5   68.580830   8.399446     5    7.452640  0.258943     5     1.283236  0.264057     5


