Finished: 315, Running: 64, Crashed: 0
                                              episode_length                  episode_reward                 epsiode_assists                 eval_length                  eval_reward                 eval_assists                
                                                        mean        std count           mean       std count            mean       std count        mean        std count        mean       std count         mean       std count
step_penalty reward_type lstm  algorithm_type                                                                                                                                                                                     
-0.03        type_1      False centralized         51.494000   2.818711     5       2.987360  0.221745     5        0.264000  0.101637     5   51.832463   6.376722     5    3.001720  0.445283     5     0.257663  0.133881     5
                               independent         52.476000   3.461204     5       2.971700  0.224510     5        0.370000  0.117047     5   49.884819   6.749854     5    3.154271  0.411754     5     0.322259  0.105511     5
                               shared              87.008000  19.257049     5      -2.060440  3.699876     5        0.274000  0.213378     5   85.638462  21.171908     5   -2.082113  3.861795     5     0.324744  0.311505     5
             type_2      False centralized         53.508000   9.434600     5       3.081280  0.687597     5        0.406000  0.157575     5   51.933164   5.693587     5    3.146190  0.435763     5     0.305379  0.048026     5
                               independent         54.970000  14.722668     5       2.971780  1.167211     5        0.380000  0.105830     5   53.177590  11.556208     5    3.051033  0.949163     5     0.312195  0.206701     5
                               shared              92.862000  17.068870     5      -2.395480  2.943436     5        0.336000  0.241205     5   90.902791  16.818078     5   -2.247459  3.049713     5     0.512365  0.385293     5
             type_3      False centralized         55.108000   5.513581     5       3.477400  0.541695     5        0.552000  0.403819     5   54.552887   6.550599     5    3.610177  0.386721     5     0.586536  0.481269     5
                               independent         49.422000   2.659092     5       3.746740  0.188340     5        0.408000  0.108720     5   50.660852   1.904512     5    3.692280  0.111768     5     0.437563  0.111197     5
                               shared              87.014000  19.159577     5      -1.314020  4.036050     5        0.426000  0.393992     5   89.802484  17.827748     5   -2.186479  3.588219     5     0.213975  0.193885     5
-0.01        type_1      False centralized         53.777857   4.811597    14       4.863964  0.156953    14        0.416429  0.108174    14   55.313387   8.000791    14    4.821574  0.250756    14     0.309294  0.142301    14
                               independent         51.895333   3.916171    15       4.940620  0.141195    15        0.364000  0.071893    15   50.203027   3.978895    15    5.009878  0.105853    15     0.331152  0.124651    15
                               shared              63.436250   3.117529    16       4.522363  0.128669    16        0.497500  0.125778    16   62.573437   6.295558    16    4.546316  0.255936    16     0.482148  0.173093    16
             type_2      False centralized         55.470000   4.445956    12       5.037483  0.180766    12        0.360833  0.098761    12   53.680173   7.852073    12    5.100095  0.276765    12     0.400984  0.160076    12
                               independent         50.158125   2.910643    16       5.236963  0.097496    16        0.384375  0.134708    16   49.936435   4.084437    16    5.226571  0.147061    16     0.367028  0.113658    16
                               shared              66.901250   3.843986    16       4.932413  0.185586    16        0.929375  0.122009    16   68.121088   6.136543    16    4.791635  0.392533    16     0.881254  0.258820    16
             type_3      False centralized         55.536923   5.341823    13       5.497569  0.157173    13        0.491538  0.167275    13   55.435423   6.344087    13    5.487446  0.269567    13     0.473257  0.153425    13
                               independent         50.709286   4.301535    14       5.551900  0.163367    14        0.417143  0.155733    14   51.218546   4.371668    14    5.606655  0.363957    14     0.449724  0.269445    14
                               shared              67.872000   3.787712    15       5.812727  0.386174    15        1.040667  0.246822    15   68.794005   7.209440    15    5.751584  0.435903    15     1.037162  0.259825    15
 0.00        type_1      False centralized         58.626667   8.495493    15       5.772000  0.222139    15        0.354000  0.112618    15   58.373459   9.487503    15    5.807617  0.208744    15     0.422254  0.216209    15
                               independent         55.972500   4.981169    16       5.886250  0.077621    16        0.336250  0.072835    16   56.821138   5.180006    16    5.885988  0.080774    16     0.334419  0.099399    16
                               shared              66.330000   3.624246    16       5.633750  0.108497    16        0.515625  0.093093    16   64.555187   6.044337    16    5.672730  0.136372    16     0.517154  0.207587    16
             type_2      False centralized         61.199286   7.717160    14       5.996714  0.158444    14        0.424286  0.147425    14   60.372329   7.331837    14    5.965023  0.220398    14     0.397608  0.171515    14
                               independent         54.195625   3.500743    16       6.155625  0.068691    16        0.421875  0.103680    16   52.862135   3.623207    16    6.135478  0.110456    16     0.340627  0.181414    16
                               shared              70.846250   2.687836    16       6.112250  0.142233    16        0.935000  0.219089    16   70.375245   6.654985    16    6.088357  0.148474    16     0.858826  0.266166    16
             type_3      False centralized         60.468571   6.930475    14       6.602143  0.372558    14        0.607143  0.299523    14   64.858952   8.147270    14    6.550395  0.526706    14     0.627011  0.381134    14
                               independent         55.135625   3.004958    16       6.546625  0.201144    16        0.471250  0.146191    16   56.233928   5.910993    16    6.588009  0.328495    16     0.509977  0.243162    16
                               shared              68.252500   4.625723    16       7.210625  0.436172    16        1.118750  0.244728    16   68.323453   6.762142    16    7.285530  0.473356    16     1.170271  0.286235    16


Finished: 315, Running: 64, Crashed: 0
                                              episode_length                  episode_reward                 epsiode_assists                 eval_length                  eval_reward                 eval_assists                
                                                        mean        std count           mean       std count            mean       std count        mean        std count        mean       std count         mean       std count
step_penalty reward_type lstm  algorithm_type                                                                                                                                                                                     
-0.03        type_1      False centralized         51.494000   2.818711     5       2.987360  0.221745     5        0.264000  0.101637     5   51.832463   6.376722     5    3.001720  0.445283     5     0.257663  0.133881     5
                               independent         52.476000   3.461204     5       2.971700  0.224510     5        0.370000  0.117047     5   49.884819   6.749854     5    3.154271  0.411754     5     0.322259  0.105511     5
                               shared              87.008000  19.257049     5      -2.060440  3.699876     5        0.274000  0.213378     5   85.638462  21.171908     5   -2.082113  3.861795     5     0.324744  0.311505     5
             type_2      False centralized         53.508000   9.434600     5       3.081280  0.687597     5        0.406000  0.157575     5   51.933164   5.693587     5    3.146190  0.435763     5     0.305379  0.048026     5
                               independent         54.970000  14.722668     5       2.971780  1.167211     5        0.380000  0.105830     5   53.177590  11.556208     5    3.051033  0.949163     5     0.312195  0.206701     5
                               shared              92.862000  17.068870     5      -2.395480  2.943436     5        0.336000  0.241205     5   90.902791  16.818078     5   -2.247459  3.049713     5     0.512365  0.385293     5
             type_3      False centralized         55.108000   5.513581     5       3.477400  0.541695     5        0.552000  0.403819     5   54.552887   6.550599     5    3.610177  0.386721     5     0.586536  0.481269     5
                               independent         49.422000   2.659092     5       3.746740  0.188340     5        0.408000  0.108720     5   50.660852   1.904512     5    3.692280  0.111768     5     0.437563  0.111197     5
                               shared              87.014000  19.159577     5      -1.314020  4.036050     5        0.426000  0.393992     5   89.802484  17.827748     5   -2.186479  3.588219     5     0.213975  0.193885     5
-0.01        type_1      False centralized         53.777857   4.811597    14       4.863964  0.156953    14        0.416429  0.108174    14   55.313387   8.000791    14    4.821574  0.250756    14     0.309294  0.142301    14
                               independent         51.895333   3.916171    15       4.940620  0.141195    15        0.364000  0.071893    15   50.203027   3.978895    15    5.009878  0.105853    15     0.331152  0.124651    15
                               shared              63.436250   3.117529    16       4.522363  0.128669    16        0.497500  0.125778    16   62.573437   6.295558    16    4.546316  0.255936    16     0.482148  0.173093    16
             type_2      False centralized         55.470000   4.445956    12       5.037483  0.180766    12        0.360833  0.098761    12   53.680173   7.852073    12    5.100095  0.276765    12     0.400984  0.160076    12
                               independent         50.158125   2.910643    16       5.236963  0.097496    16        0.384375  0.134708    16   49.936435   4.084437    16    5.226571  0.147061    16     0.367028  0.113658    16
                               shared              66.901250   3.843986    16       4.932413  0.185586    16        0.929375  0.122009    16   68.121088   6.136543    16    4.791635  0.392533    16     0.881254  0.258820    16
             type_3      False centralized         55.536923   5.341823    13       5.497569  0.157173    13        0.491538  0.167275    13   55.435423   6.344087    13    5.487446  0.269567    13     0.473257  0.153425    13
                               independent         50.709286   4.301535    14       5.551900  0.163367    14        0.417143  0.155733    14   51.218546   4.371668    14    5.606655  0.363957    14     0.449724  0.269445    14
                               shared              67.872000   3.787712    15       5.812727  0.386174    15        1.040667  0.246822    15   68.794005   7.209440    15    5.751584  0.435903    15     1.037162  0.259825    15
 0.00        type_1      False centralized         58.626667   8.495493    15       5.772000  0.222139    15        0.354000  0.112618    15   58.373459   9.487503    15    5.807617  0.208744    15     0.422254  0.216209    15
                               independent         55.972500   4.981169    16       5.886250  0.077621    16        0.336250  0.072835    16   56.821138   5.180006    16    5.885988  0.080774    16     0.334419  0.099399    16
                               shared              66.330000   3.624246    16       5.633750  0.108497    16        0.515625  0.093093    16   64.555187   6.044337    16    5.672730  0.136372    16     0.517154  0.207587    16
             type_2      False centralized         61.199286   7.717160    14       5.996714  0.158444    14        0.424286  0.147425    14   60.372329   7.331837    14    5.965023  0.220398    14     0.397608  0.171515    14
                               independent         54.195625   3.500743    16       6.155625  0.068691    16        0.421875  0.103680    16   52.862135   3.623207    16    6.135478  0.110456    16     0.340627  0.181414    16
                               shared              70.846250   2.687836    16       6.112250  0.142233    16        0.935000  0.219089    16   70.375245   6.654985    16    6.088357  0.148474    16     0.858826  0.266166    16
             type_3      False centralized         60.468571   6.930475    14       6.602143  0.372558    14        0.607143  0.299523    14   64.858952   8.147270    14    6.550395  0.526706    14     0.627011  0.381134    14
                               independent         55.135625   3.004958    16       6.546625  0.201144    16        0.471250  0.146191    16   56.233928   5.910993    16    6.588009  0.328495    16     0.509977  0.243162    16
                               shared              68.252500   4.625723    16       7.210625  0.436172    16        1.118750  0.244728    16   68.323453   6.762142    16    7.285530  0.473356    16     1.170271  0.286235    16


Finished: 315, Running: 64, Crashed: 0
                                              episode_length                  episode_reward                 epsiode_assists                 eval_length                  eval_reward                 eval_assists                
                                                        mean        std count           mean       std count            mean       std count        mean        std count        mean       std count         mean       std count
step_penalty reward_type lstm  algorithm_type                                                                                                                                                                                     
-0.03        type_1      False centralized         51.494000   2.818711     5       2.987360  0.221745     5        0.264000  0.101637     5   51.832463   6.376722     5    3.001720  0.445283     5     0.257663  0.133881     5
                               independent         52.476000   3.461204     5       2.971700  0.224510     5        0.370000  0.117047     5   49.884819   6.749854     5    3.154271  0.411754     5     0.322259  0.105511     5
                               shared              87.008000  19.257049     5      -2.060440  3.699876     5        0.274000  0.213378     5   85.638462  21.171908     5   -2.082113  3.861795     5     0.324744  0.311505     5
             type_2      False centralized         53.508000   9.434600     5       3.081280  0.687597     5        0.406000  0.157575     5   51.933164   5.693587     5    3.146190  0.435763     5     0.305379  0.048026     5
                               independent         54.970000  14.722668     5       2.971780  1.167211     5        0.380000  0.105830     5   53.177590  11.556208     5    3.051033  0.949163     5     0.312195  0.206701     5
                               shared              92.862000  17.068870     5      -2.395480  2.943436     5        0.336000  0.241205     5   90.902791  16.818078     5   -2.247459  3.049713     5     0.512365  0.385293     5
             type_3      False centralized         55.108000   5.513581     5       3.477400  0.541695     5        0.552000  0.403819     5   54.552887   6.550599     5    3.610177  0.386721     5     0.586536  0.481269     5
                               independent         49.422000   2.659092     5       3.746740  0.188340     5        0.408000  0.108720     5   50.660852   1.904512     5    3.692280  0.111768     5     0.437563  0.111197     5
                               shared              87.014000  19.159577     5      -1.314020  4.036050     5        0.426000  0.393992     5   89.802484  17.827748     5   -2.186479  3.588219     5     0.213975  0.193885     5
-0.01        type_1      False centralized         53.777857   4.811597    14       4.863964  0.156953    14        0.416429  0.108174    14   55.313387   8.000791    14    4.821574  0.250756    14     0.309294  0.142301    14
                               independent         51.895333   3.916171    15       4.940620  0.141195    15        0.364000  0.071893    15   50.203027   3.978895    15    5.009878  0.105853    15     0.331152  0.124651    15
                               shared              63.436250   3.117529    16       4.522363  0.128669    16        0.497500  0.125778    16   62.573437   6.295558    16    4.546316  0.255936    16     0.482148  0.173093    16
             type_2      False centralized         55.470000   4.445956    12       5.037483  0.180766    12        0.360833  0.098761    12   53.680173   7.852073    12    5.100095  0.276765    12     0.400984  0.160076    12
                               independent         50.158125   2.910643    16       5.236963  0.097496    16        0.384375  0.134708    16   49.936435   4.084437    16    5.226571  0.147061    16     0.367028  0.113658    16
                               shared              66.901250   3.843986    16       4.932413  0.185586    16        0.929375  0.122009    16   68.121088   6.136543    16    4.791635  0.392533    16     0.881254  0.258820    16
             type_3      False centralized         55.536923   5.341823    13       5.497569  0.157173    13        0.491538  0.167275    13   55.435423   6.344087    13    5.487446  0.269567    13     0.473257  0.153425    13
                               independent         50.709286   4.301535    14       5.551900  0.163367    14        0.417143  0.155733    14   51.218546   4.371668    14    5.606655  0.363957    14     0.449724  0.269445    14
                               shared              67.872000   3.787712    15       5.812727  0.386174    15        1.040667  0.246822    15   68.794005   7.209440    15    5.751584  0.435903    15     1.037162  0.259825    15
 0.00        type_1      False centralized         58.626667   8.495493    15       5.772000  0.222139    15        0.354000  0.112618    15   58.373459   9.487503    15    5.807617  0.208744    15     0.422254  0.216209    15
                               independent         55.972500   4.981169    16       5.886250  0.077621    16        0.336250  0.072835    16   56.821138   5.180006    16    5.885988  0.080774    16     0.334419  0.099399    16
                               shared              66.330000   3.624246    16       5.633750  0.108497    16        0.515625  0.093093    16   64.555187   6.044337    16    5.672730  0.136372    16     0.517154  0.207587    16
             type_2      False centralized         61.199286   7.717160    14       5.996714  0.158444    14        0.424286  0.147425    14   60.372329   7.331837    14    5.965023  0.220398    14     0.397608  0.171515    14
                               independent         54.195625   3.500743    16       6.155625  0.068691    16        0.421875  0.103680    16   52.862135   3.623207    16    6.135478  0.110456    16     0.340627  0.181414    16
                               shared              70.846250   2.687836    16       6.112250  0.142233    16        0.935000  0.219089    16   70.375245   6.654985    16    6.088357  0.148474    16     0.858826  0.266166    16
             type_3      False centralized         60.468571   6.930475    14       6.602143  0.372558    14        0.607143  0.299523    14   64.858952   8.147270    14    6.550395  0.526706    14     0.627011  0.381134    14
                               independent         55.135625   3.004958    16       6.546625  0.201144    16        0.471250  0.146191    16   56.233928   5.910993    16    6.588009  0.328495    16     0.509977  0.243162    16
                               shared              68.252500   4.625723    16       7.210625  0.436172    16        1.118750  0.244728    16   68.323453   6.762142    16    7.285530  0.473356    16     1.170271  0.286235    16


