Finished: 159, Running: 97, Crashed: 0
                                              episode_length                  episode_reward                 epsiode_assists                 eval_length                  eval_reward                 eval_assists                
                                                        mean        std count           mean       std count            mean       std count        mean        std count        mean       std count         mean       std count
step_penalty reward_type lstm  algorithm_type                                                                                                                                                                                     
-0.03        type_1      False centralized         51.494000   2.818711     5       2.987360  0.221745     5        0.264000  0.101637     5   51.832463   6.376722     5    3.001720  0.445283     5     0.257663  0.133881     5
                               independent         52.476000   3.461204     5       2.971700  0.224510     5        0.370000  0.117047     5   49.884819   6.749854     5    3.154271  0.411754     5     0.322259  0.105511     5
                               shared              87.008000  19.257049     5      -2.060440  3.699876     5        0.274000  0.213378     5   85.638462  21.171908     5   -2.082113  3.861795     5     0.324744  0.311505     5
             type_2      False centralized         53.508000   9.434600     5       3.081280  0.687597     5        0.406000  0.157575     5   51.933164   5.693587     5    3.146190  0.435763     5     0.305379  0.048026     5
                               independent         54.970000  14.722668     5       2.971780  1.167211     5        0.380000  0.105830     5   53.177590  11.556208     5    3.051033  0.949163     5     0.312195  0.206701     5
                               shared              92.862000  17.068870     5      -2.395480  2.943436     5        0.336000  0.241205     5   90.902791  16.818078     5   -2.247459  3.049713     5     0.512365  0.385293     5
             type_3      False centralized         55.108000   5.513581     5       3.477400  0.541695     5        0.552000  0.403819     5   54.552887   6.550599     5    3.610177  0.386721     5     0.586536  0.481269     5
                               independent         49.422000   2.659092     5       3.746740  0.188340     5        0.408000  0.108720     5   50.660852   1.904512     5    3.692280  0.111768     5     0.437563  0.111197     5
                               shared              87.014000  19.159577     5      -1.314020  4.036050     5        0.426000  0.393992     5   89.802484  17.827748     5   -2.186479  3.588219     5     0.213975  0.193885     5
-0.01        type_1      False centralized         55.463333   2.756249     6       4.837950  0.059846     6        0.420000  0.150067     6   60.566630   8.274185     6    4.652076  0.229585     6     0.254345  0.135860     6
                               independent         52.241429   1.628194     7       4.937257  0.057899     7        0.362857  0.095867     7   49.492839   2.446234     7    5.015719  0.083221     7     0.323179  0.132132     7
                               shared              62.762857   3.106417     7       4.532043  0.103084     7        0.561429  0.096511     7   62.624031   6.735831     7    4.519033  0.271932     7     0.475737  0.179969     7
             type_2      False centralized         55.991667   3.513940     6       5.008817  0.135425     6        0.341667  0.088863     6   51.315851   8.260982     6    5.154589  0.259110     6     0.383041  0.171009     6
                               independent         49.797143   3.660040     7       5.268257  0.091821     7        0.402857  0.189624     7   49.315701   3.010963     7    5.237066  0.107714     7     0.345385  0.125982     7
                               shared              64.743333   4.160753     6       4.992717  0.171870     6        0.898333  0.156258     6   71.730262   6.002739     6    4.505139  0.275157     6     0.747172  0.148193     6
             type_3      False centralized         55.860000   5.334309     5       5.539220  0.158577     5        0.540000  0.145430     5   56.822449   5.024931     5    5.516974  0.245994     5     0.515084  0.146129     5
                               independent         52.171667   5.076099     6       5.468300  0.131025     6        0.390000  0.167809     6   50.682599   4.586659     6    5.815689  0.384300     6     0.574722  0.342606     6
                               shared              66.218571   2.520360     7       6.017057  0.411602     7        1.121429  0.326365     7   67.213444   5.970409     7    5.713310  0.340812     7     0.952039  0.222512     7
 0.00        type_1      False centralized         55.922000   7.292007     5       5.798000  0.170792     5        0.366000  0.098133     5   56.958730   4.773845     5    5.849259  0.115798     5     0.430000  0.184992     5
                               independent         54.926667   3.009330     6       5.896667  0.038816     6        0.336667  0.076855     6   61.392077   4.077720     6    5.848769  0.058918     6     0.338943  0.081742     6
                               shared              66.322000   3.237711     5       5.624000  0.105262     5        0.516000  0.049800     5   59.748570   2.551585     5    5.745242  0.073756     5     0.516046  0.200072     5
             type_2      False centralized         64.690000   6.927270     7       5.892286  0.131921     7        0.430000  0.172627     7   63.212289   5.312359     7    5.843933  0.227280     7     0.387682  0.182435     7
                               independent         54.346667   4.285989     9       6.200222  0.071221     9        0.457778  0.136910     9   53.763942   3.744306     9    6.194249  0.119931     9     0.391236  0.232195     9
                               shared              73.540000   1.542608     6       6.072333  0.172689     6        0.948333  0.287570     6   74.119704   5.506902     6    6.107411  0.147834     6     0.976782  0.272092     6
             type_3      False centralized         61.878000   8.036552     5       6.606400  0.355959     5        0.616000  0.351041     5   63.350132   9.804093     5    6.491086  0.228225     5     0.550529  0.262798     5
                               independent         53.424286   1.808654     7       6.531429  0.105847     7        0.428571  0.071747     7   56.247981   7.829565     7    6.468004  0.270628     7     0.425104  0.203096     7
                               shared              69.798571   7.773228     7       7.098000  0.793469     7        1.084286  0.407752     7   72.726567   9.857126     7    7.097340  0.642569     7     1.163351  0.297328     7


