EVALUATION: ENV = {'map_size': 15, 'npred': 2, 'nprey': 6, 'pred_vision': 6, 'reward_type': 'type_2', 'prey_type': 'static', 'step_penalty': 0.01}
                 episode_len  episode_reward   assists     kills  predator_0_assists  predator_1_assists  predator_0_kills  predator_1_kills  predator_0_reward  predator_1_reward
name                                                                                                                                                                              
chaser_follower    73.983051        5.629201  2.815981  5.365617            0.133172            2.682809          5.019370          0.346247           3.899709           1.729492
fixed_follower    101.000000       -0.642244  0.485149  1.075908            0.108911            0.376238          0.702970          0.372937          -0.288119          -0.354125
chaser_fixed       74.767157        4.181029  0.482843  5.333333            0.031863            0.450980          5.073529          0.259804           4.311887          -0.130858
chaser_chaser      49.182986        5.230546  0.616372  5.786517            0.306581            0.309791          2.914928          2.871589           2.635554           2.594992
follower_chaser    74.614634        5.557463  2.717073  5.365854            2.597561            0.119512          0.368293          4.997561           1.679976           3.877488
fixed_chaser       76.182500        4.095725  0.465000  5.287500            0.460000            0.005000          0.212500          5.075000          -0.180200           4.275925

                                                       1000   2000   3000   4000   5000   6000   7000   8000   9000   10000
mode            agent_a    agent_b    test  dimension                                                                      
chaser_follower predator_0 predator_1 ccm_1 PCA_1       0.18   0.22   0.24   0.24   0.24   0.23   0.22   0.23   0.23   0.24
                                            PCA_2       0.17   0.19   0.19   0.19   0.20   0.20   0.20   0.20   0.21   0.20
                                            PCA_3       0.51   0.43   0.51   0.48   0.52   0.53   0.53   0.53   0.52   0.53
                                            dx          0.27   0.20   0.22   0.17   0.19   0.19   0.19   0.17   0.20   0.17
                                            dy          0.20   0.17   0.14   0.14   0.13   0.12   0.12   0.10   0.12   0.12
                                            x           0.63   0.72   0.74   0.69   0.72   0.72   0.71   0.72   0.72   0.70
                                            y           0.51   0.54   0.53   0.55   0.60   0.60   0.63   0.61   0.60   0.64
                predator_1 predator_0 ccm_1 PCA_1       0.32   0.37   0.41   0.39   0.39   0.40   0.41   0.41   0.40   0.40
                                            PCA_2       0.37   0.40   0.36   0.36   0.38   0.39   0.38   0.36   0.37   0.36
                                            PCA_3       0.53   0.44   0.52   0.48   0.52   0.55   0.53   0.54   0.52   0.53
                                            dx          0.57   0.63   0.64   0.62   0.63   0.63   0.65   0.63   0.64   0.62
                                            dy          0.49   0.49   0.48   0.47   0.51   0.49   0.50   0.50   0.48   0.49
                                            x           0.60   0.69   0.65   0.68   0.68   0.71   0.72   0.70   0.70   0.72
                                            y           0.53   0.52   0.60   0.58   0.61   0.58   0.62   0.57   0.59   0.61

                                                      1000   2000   3000   4000   5000   6000   7000   8000   9000   10000
mode           agent_a    agent_b    test  dimension                                                                      
fixed_follower predator_0 predator_1 ccm_1 PCA_1       0.44   0.41   0.42   0.42   0.41   0.40   0.40   0.39   0.38   0.38
                                           PCA_2       0.46   0.44   0.44   0.44   0.45   0.45   0.45   0.45   0.45   0.45
                                           PCA_3       0.54   0.52   0.52   0.48   0.48   0.48   0.48   0.47   0.47   0.46
                                           dx          0.49   0.51   0.50   0.50   0.50   0.48   0.49   0.48   0.49   0.48
                                           dy          0.10   0.05   0.04   0.04   0.04   0.03   0.03   0.03   0.04   0.02
                                           x           0.87   0.86   0.86   0.86   0.85   0.86   0.86   0.85   0.86   0.85
                                           y           0.61   0.58   0.52   0.54   0.47   0.48   0.45   0.51   0.46   0.47
               predator_1 predator_0 ccm_1 PCA_1       0.75   0.71   0.66   0.67   0.65   0.61   0.60   0.60   0.58   0.57
                                           PCA_2       0.79   0.80   0.79   0.80   0.80   0.81   0.80   0.80   0.80   0.79
                                           PCA_3       0.49   0.46   0.49   0.47   0.48   0.46   0.46   0.45   0.44   0.43
                                           dx          0.86   0.85   0.85   0.85   0.85   0.85   0.83   0.84   0.83   0.83
                                           dy          0.45   0.30   0.37   0.38   0.29   0.33   0.27   0.33   0.38   0.31
                                           x           0.68   0.68   0.66   0.67   0.67   0.68   0.65   0.62   0.64   0.65
                                           y           0.35   0.33   0.33   0.27   0.24   0.25   0.22   0.18   0.20   0.05

                                                    1000   2000   3000   4000   5000   6000   7000   8000   9000   10000
mode         agent_a    agent_b    test  dimension                                                                      
chaser_fixed predator_0 predator_1 ccm_1 PCA_1       0.26   0.25   0.23   0.24   0.25   0.25   0.24   0.24   0.23   0.23
                                         PCA_2       0.25   0.27   0.27   0.26   0.27   0.26   0.27   0.27   0.26   0.27
                                         PCA_3       0.16   0.19   0.22   0.24   0.26   0.25   0.24   0.24   0.23   0.22
                                         dx          0.10   0.05   0.03   0.03   0.03   0.03   0.02   0.02   0.02   0.00
                                         dy          0.08   0.06   0.05   0.03   0.02   0.03   0.01   0.02   0.01   0.01
                                         x           0.16   0.07   0.04   0.05   0.04   0.04   0.04   0.04   0.04   0.03
                                         y           0.24   0.11   0.11   0.08   0.11   0.08   0.08   0.09   0.07   0.05
             predator_1 predator_0 ccm_1 PCA_1       0.19   0.18   0.19   0.20   0.20   0.20   0.20   0.19   0.20   0.19
                                         PCA_2       0.15   0.16   0.17   0.17   0.18   0.18   0.18   0.18   0.18   0.18
                                         PCA_3       0.07   0.06   0.10   0.10   0.13   0.13   0.11   0.11   0.10   0.11
                                         dx          0.16   0.09   0.05   0.04   0.04   0.04   0.02   0.03   0.03   0.02
                                         dy          0.15   0.08   0.06   0.06   0.06   0.04   0.03   0.03   0.02   0.02
                                         x           0.31   0.24   0.18   0.15   0.14   0.13   0.10   0.09   0.10   0.09
                                         y           0.32   0.31   0.25   0.19   0.20   0.14   0.14   0.13   0.14   0.12

                                                     1000   2000   3000   4000   5000   6000   7000   8000   9000   10000
mode          agent_a    agent_b    test  dimension                                                                      
chaser_chaser predator_0 predator_1 ccm_1 PCA_1       0.18   0.20   0.18   0.18   0.18   0.19   0.19   0.19   0.19   0.19
                                          PCA_2       0.19   0.16   0.17   0.17   0.19   0.18   0.18   0.17   0.18   0.18
                                          PCA_3       0.10   0.11   0.15   0.15   0.16   0.16   0.15   0.15   0.14   0.15
                                          dx          0.20   0.12   0.06   0.06   0.07   0.05   0.06   0.03   0.03   0.06
                                          dy          0.18   0.11   0.08   0.07   0.04   0.06   0.05   0.03   0.05   0.01
                                          x           0.41   0.28   0.21   0.23   0.19   0.16   0.17   0.17   0.13   0.12
                                          y           0.39   0.28   0.22   0.17   0.17   0.15   0.13   0.11   0.10   0.10
              predator_1 predator_0 ccm_1 PCA_1       0.21   0.21   0.21   0.19   0.20   0.19   0.19   0.19   0.20   0.19
                                          PCA_2       0.18   0.17   0.19   0.17   0.16   0.17   0.17   0.17   0.17   0.17
                                          PCA_3       0.15   0.14   0.16   0.14   0.15   0.15   0.16   0.15   0.15   0.16
                                          dx          0.16   0.13   0.08   0.06   0.08   0.07   0.06   0.05   0.03   0.06
                                          dy          0.20   0.11   0.06   0.05   0.08   0.04   0.03   0.05   0.05   0.03
                                          x           0.35   0.26   0.25   0.20   0.17   0.16   0.15   0.13   0.12   0.10
                                          y           0.39   0.28   0.23   0.18   0.14   0.13   0.13   0.12   0.09   0.09

                                                       1000   2000   3000   4000   5000   6000   7000   8000   9000   10000
mode            agent_a    agent_b    test  dimension                                                                      
follower_chaser predator_0 predator_1 ccm_1 PCA_1       0.39   0.40   0.43   0.42   0.42   0.42   0.41   0.41   0.41   0.40
                                            PCA_2       0.27   0.31   0.36   0.35   0.35   0.35   0.34   0.34   0.34   0.34
                                            PCA_3       0.57   0.58   0.59   0.57   0.54   0.53   0.50   0.52   0.54   0.54
                                            dx          0.70   0.66   0.66   0.64   0.68   0.67   0.66   0.67   0.67   0.64
                                            dy          0.61   0.51   0.57   0.55   0.56   0.50   0.56   0.50   0.54   0.52
                                            x           0.77   0.70   0.73   0.71   0.74   0.73   0.71   0.72   0.70   0.70
                                            y           0.73   0.64   0.60   0.55   0.61   0.57   0.59   0.51   0.57   0.56
                predator_1 predator_0 ccm_1 PCA_1       0.20   0.20   0.23   0.22   0.24   0.25   0.24   0.23   0.23   0.24
                                            PCA_2       0.18   0.17   0.18   0.18   0.19   0.19   0.20   0.20   0.21   0.20
                                            PCA_3       0.55   0.58   0.58   0.56   0.53   0.52   0.50   0.51   0.52   0.52
                                            dx          0.28   0.21   0.17   0.20   0.16   0.21   0.18   0.16   0.16   0.17
                                            dy          0.23   0.16   0.15   0.14   0.11   0.14   0.15   0.11   0.09   0.14
                                            x           0.82   0.71   0.75   0.73   0.76   0.74   0.72   0.72   0.72   0.70
                                            y           0.70   0.64   0.61   0.62   0.63   0.59   0.61   0.60   0.60   0.58

                                                    1000   2000   3000   4000   5000   6000   7000   8000   9000   10000
mode         agent_a    agent_b    test  dimension                                                                      
fixed_chaser predator_0 predator_1 ccm_1 PCA_1       0.26   0.21   0.20   0.20   0.21   0.21   0.20   0.20   0.20   0.20
                                         PCA_2       0.15   0.16   0.17   0.18   0.18   0.17   0.17   0.18   0.18   0.18
                                         PCA_3       0.10   0.13   0.13   0.13   0.12   0.10   0.10   0.10   0.09   0.09
                                         dx          0.15   0.11   0.07   0.05   0.04   0.04   0.03   0.03   0.02   0.01
                                         dy          0.16   0.08   0.05   0.05   0.03   0.04   0.03   0.01   0.01   0.02
                                         x           0.33   0.26   0.22   0.16   0.16   0.12   0.10   0.09   0.10   0.08
                                         y           0.34   0.27   0.21   0.16   0.13   0.13   0.12   0.12   0.09   0.10
             predator_1 predator_0 ccm_1 PCA_1       0.27   0.24   0.24   0.25   0.25   0.25   0.25   0.25   0.24   0.24
                                         PCA_2       0.23   0.26   0.26   0.26   0.26   0.27   0.27   0.27   0.27   0.27
                                         PCA_3       0.26   0.23   0.22   0.23   0.22   0.23   0.24   0.24   0.24   0.23
                                         dx          0.11   0.06   0.04   0.05   0.02   0.03   0.02   0.02   0.02   0.02
                                         dy          0.10   0.06   0.06   0.04   0.02   0.02   0.02   0.02   0.01   0.02
                                         x           0.16   0.07   0.06   0.04   0.03   0.03   0.03   0.03   0.03   0.03
                                         y           0.23   0.15   0.09   0.09   0.06   0.10   0.08   0.07   0.03   0.06

