independent, type_2, 0: {'running_runs': 64, 'finished_runs': 151, 'matching_runs': 26}
                    COMPLETED RUNS: 151
                    RUNNING RUNS: 64
                    CRASHED RUNS: 0
                    TOTAL = 215
                    
BASE PERFORMANCE: trial_count               2.000000
training_iteration    10065.384615
episodes_total        24934.307692
train_len                56.288846
train_reward              6.192308
train_assists             0.517308
eval_len                 57.363776
eval_reward               6.205917
eval_assists              0.555966
analysis_len             59.014394
analysis_reward           6.094129
analysis_assists          0.556138
dtype: float64
                                                                            500      1000      1500      2000      2500      3000      3500      4000      4500      5000  trial_count
mode        agent_a    agent_b    test  dimension                                                                                                                 
independent predator_0 predator_1 ccm_1 PCA_1      0.432308  0.415077  0.419712  0.423981  0.420712  0.418096  0.420423  0.418981  0.417558  0.418058            1
                                        PCA_2      0.365827  0.359865  0.370596  0.367865  0.370615  0.368615  0.371712  0.372308  0.372231  0.372462            1
                                        dx         0.161000  0.108231  0.102135  0.080192  0.077000  0.056731  0.062692  0.061365  0.060615  0.055750            1
                                        dy         0.167346  0.122731  0.094192  0.081231  0.071788  0.056808  0.050154  0.067077  0.058692  0.052615            1
            predator_1 predator_0 ccm_1 PCA_1      0.451019  0.441481  0.439404  0.434615  0.429846  0.428000  0.428519  0.424769  0.424019  0.422154            1
                                        PCA_2      0.369788  0.374269  0.384173  0.378365  0.381558  0.380788  0.380288  0.377962  0.376750  0.376154            1
                                        dx         0.181558  0.114788  0.101038  0.085096  0.078077  0.069462  0.068212  0.058058  0.044712  0.047865            1
                                        dy         0.152904  0.122904  0.096538  0.093212  0.052404  0.055962  0.054808  0.044673  0.046962  0.050615            1              trial_count  training_iteration  episodes_total  train_len  train_reward  train_assists   eval_len  eval_reward  eval_assists  analysis_len  analysis_reward  analysis_assists
run_name                                                                                                                                                                                    
df1702647727            2                9800           24904      57.13         6.126           0.46  68.600000     6.184000      0.640000     61.500000         6.127711          0.493976
df1702644551            2               10400           24993      53.74         6.172           0.37  44.552632     6.068421      0.157895     49.781553         6.200000          0.422330
df1702603578            2               10250           24890      59.47         6.320           0.75  53.310345     6.413793      0.689655     56.098361         6.300546          0.792350
df1702627430            2                9650           24904      56.01         6.122           0.42  64.240000     5.856000      0.160000     65.916129         5.938065          0.412903
df1702684118            2               10050           24995      61.83         5.958           0.23  52.586207     6.131034      0.275862     59.649123         5.935673          0.233918
df1702658845            2               10200           24890      52.40         6.346           0.61  54.655172     6.427586      0.827586     57.363128         6.202235          0.513966
df1702603063            2                9150           24956      48.97         6.118           0.28  44.969697     6.145455      0.242424     51.084577         6.057711          0.328358
df1702665983            2               10000           24914      61.34         6.412           1.02  56.172414     6.255172      0.655172     58.959538         6.456647          1.011561
df1702655635            2               10200           24999      58.02         6.372           0.82  56.518519     6.274074      0.703704     58.482955         6.369318          0.965909
df1702621550            2               10400           24890      56.04         5.846           0.21  54.655172     5.972414      0.241379     51.039604         6.153465          0.470297
df1702629280            2               10550           24886      56.57         6.494           1.04  66.960000     6.056000      0.560000     60.627219         6.069822          0.579882
df1702595444            2                9650           24944      48.57         6.144           0.34  47.870968     6.264516      0.548387     45.773333         6.216000          0.404444
df1702574937            2               10300           24878      62.10         6.024           0.39  67.960000     5.832000      0.320000     71.797203         5.627972          0.370629
df1702644240            2               10800           24928      65.78         5.934           0.34  69.304348     6.208696      0.565217     68.722973         5.839189          0.418919
df1702596544            2               10000           24885      48.10         6.214           0.44  52.300000     6.146667      0.466667     52.076142         6.173604          0.441624
df1702551318            2                9700           24935      49.14         6.248           0.48  48.500000     6.250000      0.468750     52.697436         6.120000          0.251282
df1702645219            2               10100           24881      53.68         6.180           0.40  47.870968     6.387097      0.645161     60.064706         6.168235          0.741176
df1702598855            2                9600           24953      63.87         6.014           0.24  60.551724     6.172414      0.517241     57.988701         6.018079          0.435028
df1702624740            2               10150           24982      56.17         6.282           0.62  57.037037     6.651852      1.148148     65.248408         6.254777          1.050955
df1702592204            2               10250           24957      53.47         6.336           0.71  62.074074     6.162963      0.703704     58.107955         6.407955          0.869318
df1702627837            2                9800           25004      51.65         6.218           0.43  52.967742     6.374194      0.677419     56.032609         6.028261          0.364130
df1702626547            2                9650           24863      54.66         6.146           0.36  50.466667     6.133333      0.333333     56.000000         5.908791          0.296703
df1702615851            2               10350           24992      61.40         6.198           0.58  60.629630     6.311111      0.703704     59.381503         6.227746          0.745665
df1702641859            2               10000           24974      58.33         6.318           0.68  68.583333     6.091667      0.708333     70.205479         5.980822          0.869863
df1702544497            2               10350           24923      55.93         6.350           0.75  64.160000     6.368000      0.880000     58.113636         6.194318          0.636364
df1702635403            2               10350           24972      59.14         6.108           0.48  63.961538     6.215385      0.615385     71.661972         5.470423          0.338028