independent, type_1, 0: {'running_runs': 64, 'finished_runs': 151, 'matching_runs': 26}
                    COMPLETED RUNS: 151
                    RUNNING RUNS: 64
                    CRASHED RUNS: 0
                    TOTAL = 215
                    
BASE PERFORMANCE: trial_count               2.000000
training_iteration     9890.384615
episodes_total        24935.923077
train_len                54.731154
train_reward              5.894615
train_assists             0.382692
eval_len                 54.521004
eval_reward               5.891273
eval_assists              0.346307
analysis_len             57.125416
analysis_reward           5.795561
analysis_assists          0.399481
dtype: float64
                                                                            500      1000      1500      2000      2500      3000      3500      4000      4500      5000  trial_count
mode        agent_a    agent_b    test  dimension                                                                                                                 
independent predator_0 predator_1 ccm_1 PCA_1      0.417096  0.407750  0.401942  0.407885  0.407692  0.409481  0.408404  0.407865  0.410750  0.408173            1
                                        PCA_2      0.320942  0.336212  0.341365  0.344538  0.342673  0.342942  0.344788  0.345500  0.344442  0.344231            1
                                        dx         0.167192  0.094865  0.075788  0.058750  0.064442  0.048038  0.051154  0.048846  0.043615  0.035154            1
                                        dy         0.140788  0.086019  0.071788  0.060788  0.049731  0.055904  0.044019  0.035173  0.041885  0.031327            1
            predator_1 predator_0 ccm_1 PCA_1      0.413000  0.414577  0.408519  0.410827  0.412423  0.412654  0.412404  0.415212  0.413442  0.410577            1
                                        PCA_2      0.343308  0.358538  0.364385  0.367019  0.365692  0.362500  0.367385  0.369827  0.370577  0.371173            1
                                        dx         0.144519  0.097615  0.066750  0.052288  0.053654  0.050019  0.053212  0.044500  0.044923  0.032000            1
                                        dy         0.147827  0.093615  0.073558  0.055673  0.053423  0.038596  0.039077  0.040058  0.036615  0.038673            1              trial_count  training_iteration  episodes_total  train_len  train_reward  train_assists   eval_len  eval_reward  eval_assists  analysis_len  analysis_reward  analysis_assists
run_name                                                                                                                                                                                    
df1702591020            2                9950           24967      48.61          5.89           0.30  49.419355     5.935484      0.258065     50.990050         5.940299          0.169154
df1702604948            2               10050           24897      57.92          5.86           0.33  61.192308     5.769231      0.423077     69.689189         5.459459          0.222973
df1702638079            2               10700           24990      67.47          5.65           0.22  75.913043     5.391304      0.130435     68.837838         5.689189          0.256757
df1702654552            2               10650           24900      54.86          5.87           0.29  50.266667     6.000000      0.100000     57.050000         5.916667          0.166667
df1702676728            2                9600           24944      57.68          5.88           0.37  61.222222     5.740741      0.629630     58.758621         5.833333          0.321839
df1702643639            2                9550           24947      50.99          5.96           0.41  49.218750     5.906250      0.500000     50.527094         5.857143          0.384236
df1702602729            2                9700           24845      50.27          5.92           0.37  47.545455     5.939394      0.393939     50.735294         5.941176          0.416667
df1702659803            2                9900           24949      60.84          5.80           0.38  59.333333     5.888889      0.296296     63.308642         5.790123          0.271605
df1702599775            2                9950           24999      56.53          5.85           0.34  65.480000     5.640000      0.240000     70.000000         5.506849          0.390411
df1702589678            2                9650           24978      51.25          5.86           0.41  52.137931     5.931034      0.413793     56.428571         5.763736          0.489011
df1702652407            2                9700           24946      49.56          5.97           0.47  42.594595     6.000000      0.243243     44.098712         5.974249          0.339056
df1702566832            2                9600           24929      51.21          5.93           0.58  51.655172     5.965517      0.482759     58.118644         5.847458          0.593220
df1702619439            2                9700           24960      58.36          5.91           0.43  47.031250     5.968750      0.281250     53.046392         5.907216          0.500000
df1702630876            2               10000           24882      57.41          5.90           0.33  53.333333     6.000000      0.300000     57.786517         5.792135          0.500000
df1702580210            2                9950           24994      70.76          5.75           0.44  71.041667     5.791667      0.375000     69.739726         5.534247          0.356164
df1702552325            2                9700           24909      48.68          5.98           0.37  46.411765     6.000000      0.264706     48.852381         5.942857          0.504762
df1702577516            2               10550           24885      53.82          5.97           0.54  57.387097     5.903226      0.419355     59.660819         5.760234          0.561404
df1702563032            2                9450           24971      49.84          5.98           0.49  48.032258     6.000000      0.451613     49.173077         5.980769          0.447115
df1702602957            2               10000           24966      50.32          5.98           0.44  58.592593     5.814815      0.444444     61.071856         5.742515          0.401198
df1702574210            2                9700           24875      59.78          5.87           0.47  59.259259     5.814815      0.333333     65.088608         5.518987          0.405063
df1702602939            2                9700           24985      55.75          5.89           0.34  54.379310     5.965517      0.379310     59.138728         5.734104          0.433526
df1702559101            2                9900           24909      53.25          5.98           0.35  54.392857     6.000000      0.250000     51.455000         5.915000          0.360000
df1702604902            2                9600           24929      46.86          5.99           0.37  44.705882     6.000000      0.264706     48.587678         5.886256          0.402844
df1702545589            2               10250           24922      46.25          5.98           0.35  50.064516     5.967742      0.193548     46.595455         5.936364          0.413636
df1702569563            2                9750           24890      49.97          5.95           0.20  52.161290     5.935484      0.483871     56.174863         5.814208          0.502732
df1702584825            2                9900           24966      64.77          5.69           0.36  54.774194     5.903226      0.451613     60.347059         5.700000          0.576471