Finished: 102, Running: 32, Crashed: 0
                                             episode_length                  episode_reward                 epsiode_assists                 eval_length                  eval_reward                 eval_assists                
                                                       mean        std count           mean       std count            mean       std count        mean        std count        mean       std count         mean       std count
step_penalty reward_type lstm algorithm_type                                                                                                                                                                                     
-0.03        type_1      True centralized         66.040000  21.163960     3       1.822767  1.782622     3        0.463333  0.145717     3   66.044624  22.326940     3    1.737394  1.995241     3     0.318996  0.041566     3
                              independent         70.447500  16.476260     4       1.564325  1.260557     4        0.167500  0.087702     4   72.644892  19.371762     4    1.344931  1.593434     4     0.206183  0.055766     4
                              shared              69.277500  21.852523     4       1.498050  1.880083     4        0.357500  0.113541     4   72.989760  20.683378     4    1.188145  1.827422     4     0.535764  0.305714     4
             type_2      True centralized         64.785000  22.351645     2       2.203800  1.748251     2        0.315000  0.120208     2   75.132692  22.651894     2    1.440019  1.868910     2     0.323077  0.032636     2
                              independent         65.720000  26.815130     3       1.903233  2.514252     3        0.296667  0.156950     3   67.598990  26.439938     3    1.783944  2.502863     3     0.324170  0.151827     3
                              shared              81.187500  15.342723     4      -0.063525  3.096344     4        0.532500  0.377481     4   77.474679  19.609859     4    0.291450  3.500874     4     0.491774  0.364387     4
             type_3      True centralized         78.780000  24.777022     2       1.593800  3.765768     2        0.575000  0.615183     2   76.441667  33.387225     2    1.333667  3.259291     2     0.325000  0.106066     2
                              independent         62.613333  14.117451     3       3.196167  1.556582     3        0.450000  0.285132     3   59.842461  15.155898     3    3.234643  1.644099     3     0.424304  0.272510     3
                              shared              74.946667  14.404518     3       3.161400  2.573307     3        1.113333  0.622923     3   70.223192  19.054377     3    2.990446  2.319888     3     0.768783  0.414359     3
-0.01        type_1      True centralized         73.702500  14.620236     4       4.060750  0.684222     4        0.200000  0.122474     4   69.934598  19.404170     4    4.126098  0.906132     4     0.267857  0.035714     4
                              independent         66.245000  17.591192     4       4.477550  0.608993     4        0.350000  0.120277     4   67.581556  21.034028     4    4.384577  0.767736     4     0.326616  0.174067     4
                              shared              72.435000  19.933271     4       3.879050  1.097960     4        0.330000  0.174929     4   72.400595  27.207740     4    3.696375  1.474717     4     0.285119  0.150439     4
             type_2      True centralized         67.567500  21.962591     4       4.426025  0.933478     4        0.307500  0.086939     4   68.157982  17.674176     4    4.552439  0.693331     4     0.385648  0.176975     4
                              independent         69.672500  15.580365     4       4.521225  0.596330     4        0.317500  0.115289     4   72.909930  20.340523     4    4.293883  0.998867     4     0.286310  0.247439     4
                              shared              75.487500  17.680314     4       4.338975  0.972669     4        0.620000  0.397240     4   78.160417  13.116877     4    4.472659  0.847879     4     0.815705  0.554537     4
             type_3      True centralized         74.800000  20.814754     4       4.484025  1.850121     4        0.337500  0.274150     4   76.323830  21.451151     4    4.170922  1.905797     4     0.277833  0.222085     4
                              independent         75.320000  18.534158     4       4.839575  1.405678     4        0.472500  0.303356     4   76.162566  18.913783     4    4.707454  1.357333     4     0.380935  0.314524     4
                              shared              80.885000  13.255189     4       5.241825  1.443744     4        0.802500  0.443274     4   81.283814  14.481265     4    5.057433  1.827614     4     0.698397  0.585736     4
 0.00        type_1      True centralized         76.147500  19.160937     4       5.265000  0.559911     4        0.240000  0.119164     4   73.558333  21.479040     4    5.383333  0.540576     4     0.345833  0.233085     4
                              independent         67.240000  16.923788     5       5.654000  0.320749     5        0.296000  0.190997     5   68.692211  17.764210     5    5.651878  0.416772     5     0.323266  0.211423     5
                              shared              71.482000  15.238375     5       5.444000  0.551706     5        0.466000  0.045607     5   67.844653  16.900472     5    5.531868  0.599034     5     0.333262  0.166322     5
             type_2      True centralized         85.540000  21.282989     4       4.850000  0.846661     4        0.200000  0.108628     4   82.462175  17.293700     4    4.950844  0.885858     4     0.238961  0.137740     4
                              independent         70.105000  18.821733     4       5.943500  0.521831     4        0.460000  0.413844     4   69.478168  13.888844     4    5.978176  0.278971     4     0.420992  0.156993     4
                              shared              80.780000  17.735586     4       4.941000  1.930403     4        0.685000  0.434703     4   84.289423  13.076317     4    4.676538  2.011218     4     0.568269  0.401186     4
             type_3      True centralized         76.317500  16.387297     4       6.120000  1.155191     4        0.427500  0.345965     4   79.491667  19.493506     4    5.973214  1.164675     4     0.449405  0.262016     4
                              independent         73.697500  13.627260     4       7.177500  1.634592     4        0.787500  0.663394     4   77.014199  11.673857     4    7.216016  1.986373     4     0.875673  0.901985     4
                              shared              81.105000  15.153582     4       7.190000  2.827661     4        1.135000  0.885946     4   78.926569  17.020385     4    7.106061  1.338360     4     1.015206  0.406575     4


