Finished: 410, Running: 0, Crashed: 98
                                        episode_length                  episode_reward                 epsiode_assists                 eval_length                  eval_reward                 eval_assists                
                                                  mean        std count           mean       std count            mean       std count        mean        std count        mean       std count         mean       std count
step_penalty reward_type algorithm_type                                                                                                                                                                                     
-0.03        type_1      centralized         72.019444  12.211697    18       9.659950  0.414153    18        0.332222  0.151096    18   70.828027  12.483222    18    9.618372  0.467542    18     0.341020  0.169070    18
                         independent         64.681818   7.077238    22       9.449150  0.303938    22        0.367727  0.153031    22   64.462336   8.026553    22    9.451650  0.359689    22     0.322115  0.229080    22
                         shared              66.691304   7.995981    23       9.399513  0.209230    23        0.530870  0.152819    23   67.237307   7.292722    23    9.438360  0.271437    23     0.583746  0.264937    23
             type_2      centralized         74.967222   9.578594    18       9.949856  0.289244    18        0.362778  0.170149    18   74.235428  11.538406    18    9.853977  0.518074    18     0.344968  0.194468    18
                         independent         68.006364   6.727602    22       9.818323  0.270215    22        0.426818  0.156886    22   65.606309   7.697809    22    9.746549  0.360408    22     0.453244  0.159465    22
                         shared              70.750000   6.300526    23      10.148413  0.331568    23        0.905217  0.336450    23   67.649087   8.131079    23   10.012879  0.553796    23     0.922582  0.467027    23
-0.01        type_1      centralized         65.571818  10.635292    22       6.762282  0.661987    22        0.364545  0.150578    22   66.844337  10.759729    22    6.734912  0.684726    22     0.319014  0.139738    22
                         independent         57.720417   4.907540    24       6.973433  0.044150    24        0.357500  0.097189    24   56.025969   6.119299    24    6.932996  0.058311    24     0.372103  0.159422    24
                         shared              63.690417   5.532977    24       6.888083  0.089319    24        0.445000  0.100823    24   65.845373   6.688564    24    6.898131  0.144555    24     0.432886  0.155363    24
             type_2      centralized         64.170526   9.840471    19       7.123642  0.180096    19        0.392632  0.132323    19   67.824786  11.978939    19    7.084880  0.377272    19     0.425428  0.270902    19
                         independent         59.150870   6.354029    23       7.216922  0.087969    23        0.438261  0.125685    23   57.519672   5.785713    23    7.230350  0.160717    23     0.458142  0.232297    23
                         shared              67.367200   4.809649    25       7.430004  0.134209    25        0.905600  0.213289    25   68.406544   6.567637    25    7.500175  0.211193    25     0.969174  0.309107    25
 0.00        type_1      centralized         60.765000   9.945730    24       5.762500  0.218319    24        0.372917  0.136206    24   61.306151   9.424189    24    5.762004  0.187195    24     0.340994  0.200960    24
                         independent         55.835833   5.624127    24       5.878333  0.115445    24        0.324583  0.083821    24   56.209452   7.512560    24    5.877169  0.143567    24     0.286863  0.150511    24
                         shared              62.115000   7.232060    26       5.694231  0.292112    26        0.466538  0.114854    26   62.219102   8.251881    26    5.695903  0.212673    26     0.531345  0.183155    26
             type_2      centralized         63.604783  12.551065    23       5.881739  0.473704    23        0.393478  0.195904    23   62.218237  12.505298    23    5.925940  0.447927    23     0.404181  0.236356    23
                         independent         55.552000   6.071008    25       6.163840  0.171087    25        0.458400  0.227682    25   54.183887   6.218704    25    6.230125  0.156953    25     0.523311  0.275949    25
                         shared              63.480000   4.852674    25       6.317520  0.195893    25        0.979200  0.241384    25   65.172316   5.210594    25    6.288211  0.259903    25     0.997630  0.336512    25


