Finished: 76, Running: 32, Crashed: 0
                                             episode_length                  episode_reward                 epsiode_assists                 eval_length                  eval_reward                 eval_assists                
                                                       mean        std count           mean       std count            mean       std count        mean        std count        mean       std count         mean       std count
step_penalty reward_type lstm algorithm_type                                                                                                                                                                                     
-0.03        type_1      True centralized         69.230000  28.892383     2       1.531800  2.418164     2        0.455000  0.205061     2   71.616935  28.472453     2    1.231758  2.535343     2     0.295161  0.006843     2
                              independent         63.465000  23.030468     2       2.057950  1.782404     2        0.235000  0.063640     2   69.406452  29.406518     2    1.500613  2.492711     2     0.254032  0.005702     2
                              shared              65.325000  20.569736     2       1.972100  1.569211     2        0.380000  0.014142     2   66.152597  23.247283     2    1.786136  1.787373     2     0.279221  0.009183     2
             type_2      True centralized         64.785000  22.351645     2       2.203800  1.748251     2        0.315000  0.120208     2   75.132692  22.651894     2    1.440019  1.868910     2     0.323077  0.032636     2
                              independent         72.740000  33.799704     2       1.215000  3.130645     2        0.235000  0.162635     2   72.648485  35.286771     2    1.237523  3.276765     2     0.271970  0.172491     2
                              shared              82.365000  26.353870     2      -0.963550  5.048106     2        0.545000  0.643467     2   79.807692  29.970449     2   -0.769923  5.502814     2     0.530769  0.609200     2
             type_3      True centralized         78.780000  24.777022     2       1.593800  3.765768     2        0.575000  0.615183     2   76.441667  33.387225     2    1.333667  3.259291     2     0.325000  0.106066     2
                              independent         65.905000  18.264568     2       2.965750  2.127755     2        0.455000  0.403051     2   60.970588  21.254798     2    3.250241  2.324793     2     0.481283  0.359225     2
                              shared              76.200000  20.138401     2       3.317300  3.619114     2        1.210000  0.848528     2   75.260714  23.955768     2    2.574929  3.118947     2     0.764286  0.585888     2
-0.01        type_1      True centralized         69.020000  13.750349     3       4.312633  0.567069     3        0.240000  0.113578     3   64.279464  19.310605     3    4.380631  0.918091     3     0.273810  0.041239     3
                              independent         66.245000  17.591192     4       4.477550  0.608993     4        0.350000  0.120277     4   67.581556  21.034028     4    4.384577  0.767736     4     0.326616  0.174067     4
                              shared              72.435000  19.933271     4       3.879050  1.097960     4        0.330000  0.174929     4   72.400595  27.207740     4    3.696375  1.474717     4     0.285119  0.150439     4
             type_2      True centralized         68.855000  22.252650     2       4.489850  0.871792     2        0.360000  0.056569     2   73.275641  20.351984     2    4.447555  0.719811     2     0.502747  0.104900     2
                              independent         65.970000  22.231437     2       4.674100  0.820527     2        0.310000  0.197990     2   70.856399  27.948606     2    4.508824  1.172808     2     0.297619  0.286210     2
                              shared              71.480000  19.301034     3       4.570133  1.048104     3        0.730000  0.405093     3   75.769444  14.959218     3    4.606085  0.985664     3     0.976496  0.553303     3
             type_3      True centralized         71.800000  19.982838     2       4.995150  1.400708     2        0.380000  0.296985     2   74.340517  21.792300     2    4.764879  1.283935     2     0.341379  0.199941     2
                              independent         78.985000  23.468874     2       4.626450  2.337766     2        0.520000  0.494975     2   77.065517  21.403391     2    4.751466  2.045611     2     0.463793  0.514481     2
                              shared              76.793333  12.771047     3       5.844067  0.974898     3        1.000000  0.246374     3   78.595085  16.467695     3    5.321577  2.142808     3     0.797863  0.674737     3
 0.00        type_1      True centralized         76.147500  19.160937     4       5.265000  0.559911     4        0.240000  0.119164     4   73.558333  21.479040     4    5.383333  0.540576     4     0.345833  0.233085     4
                              independent         70.027500  18.168244     4       5.620000  0.359815     4        0.282500  0.217773     4   72.115263  18.510563     4    5.582089  0.446238     4     0.257530  0.175477     4
                              shared              74.785000  15.390864     4       5.367500  0.605661     4        0.470000  0.051640     4   69.469278  19.058819     4    5.482143  0.679684     4     0.349270  0.187552     4
             type_2      True centralized         82.373333  24.885372     3       4.909333  1.026708     3        0.226667  0.115902     3   79.999567  20.303237     3    4.994459  1.079677     3     0.251948  0.165670     3
                              independent         70.105000  18.821733     4       5.943500  0.521831     4        0.460000  0.413844     4   69.478168  13.888844     4    5.978176  0.278971     4     0.420992  0.156993     4
                              shared              80.780000  17.735586     4       4.941000  1.930403     4        0.685000  0.434703     4   84.289423  13.076317     4    4.676538  2.011218     4     0.568269  0.401186     4
             type_3      True centralized         79.180000  20.477812     2       5.760000  1.131371     2        0.275000  0.247487     2   71.991667  27.659660     2    5.991667  1.614560     2     0.416667  0.306413     2
                              independent         73.697500  13.627260     4       7.177500  1.634592     4        0.787500  0.663394     4   77.014199  11.673857     4    7.216016  1.986373     4     0.875673  0.901985     4
                              shared              81.105000  15.153582     4       7.190000  2.827661     4        1.135000  0.885946     4   78.926569  17.020385     4    7.106061  1.338360     4     1.015206  0.406575     4


